2.521871234311695575e-01
-1.912555274095241176e-01
3.677693178118144335e-01
-2.841121310590531412e-01
-5.313588025077317090e-01
3.914231098601154979e-02
6.474025893189754299e-01
-8.503503722933807296e-01
5.508452155072507406e-01
2.770820432090564944e-02
3.717810286049884061e-01
4.205756945256076129e-01
3.992484573473753517e-01
-8.743412798505012518e-02
1.000000000000000000e+00
8.624971003901569233e-01
6.897258989979054844e-02
4.665784667056860902e-01
-2.391139426472574936e-01
-5.577496108337387515e-01
-2.047476919601587120e-01
-1.553843848021325691e-01
-4.037029642330521306e-01
-8.282667775625769391e-01
3.192318755675982445e-02
1.471477742432615865e-01
9.284385548481837169e-01
1.000000000000000222e+00
2.541103437911641505e-01
-1.000000000000000000e+00
-1.000000000000000000e+00
